451
343
687
241
227
480
1248
203
39
245
25
2882
158
226
287
3060
714
429
89
918
309
269
185
575
505
1716
218
230
272
53
273
830
83
720
249
669
1295
723
996
346
1549
326
1737
122
1909
270
693
626
312
384
242
91
227
38
669
312
52
8
585
100
211
850
622
4
648
1340
271
250
250
33
12
537
242
669
344
229
336
1360
293
940
995
24
2013
93
311
1
592
293
10
70
277
310
0
103
1095
238
246
227
125
250
19
83
325
158
293
1184
227
315
529
1043
31
14
660
913
244
352
151
768
263
290
1034
17
234
2024
226
1022
1506
817
4900
255
1275
291
274
166
15
193
235
302
850
817
1320
3710
815
813
1243
330
343
1291
286
874
238
335
1401
286
111
69
422
1253
205
187
1241
834
346
3022
137
205
1007
2582
246
2045
1045
341
269
295
315
20
310
306
980
1576
218
958
97
237
310
1080
1116
305
196
224
299
67
217
1129
665
257
256
29
277
282
1992
266
285
25
1383
1360
94
332
345
221
262
110
124
92
183
3747
1361
784
845
425
654
291
865
322
2175
32
1012
1275
7
824
31
607
294
249
317
298
916
310
233
0
105
154
691
83
554
325
411
0
768
590
1346
375
753
83
1233
10
171
715
186
493
684
84
250
950
264
1048
1173
266
98
485
242
532
250
228
211
306
1140
917
1241
12
249
300
0
49
272
935
324
2020
898
18
139
311
58
662
736
1798
1093
669
564
82
196
310
677
170
1424
450
0
1125
0
51
321
241
321
467
2559
1080
90
4093
343
209
210
575
218
648
717
279
752
289
347
196
711
916
296
760
0
237
129
5
456
529
237
1839
208
215
241
248
248
350
315
1037
753
293
1250
1074
265
21
98
246
1700
242
165
37
211
170
1318
256
0
244
1315
1000
219
457
172
227
1117
128
1404
723
916
249
83
682
73
1
1
380
293
480
490
2338
243
325
377
221
10
1794
219
332
64
58
689
1107
3042
276
16
182
68
251
573
360
582
235
1242
50
852
276
49
232
283
351
487
930
301
794
267
158
299
179
218
325
1428
77
269
818
6
310
97
320
1070
165
405
1899
3107
336
3502
49
6
2454
673
1083
47
441
240
311
550
785
969
239
218
413
0
1225
301
1759
94
234
1251
2102
25
286
669
98
1417
205
600
193
2701
267
551
325
2227
6
1079
546
729
270
245
68
2545
305
1083
293
26
3120
215
