899
-1
687
252
227
480
-1
206
39
245
25
2882
158
226
287
-1
764
429
89
-1
309
269
185
575
505
-1
218
230
272
55
273
831
-1
720
249
669
-1
-1
996
-1
-1
326
2033
122
-1
270
-1
-1
312
392
242
-1
227
38
669
312
52
8
585
100
211
850
622
4
648
1340
271
250
273
33
12
537
242
768
344
270
336
1360
293
940
995
25
-1
93
311
1
592
-1
10
70
-1
310
0
103
1095
238
246
227
125
250
19
83
325
-1
-1
1184
227
315
529
1043
31
63
660
913
-1
352
151
768
263
290
1034
17
234
2024
226
1022
1598
817
-1
255
1615
-1
274
166
15
193
-1
302
850
817
1588
-1
815
813
1665
330
343
1595
286
874
238
335
1401
-1
-1
69
-1
1623
205
187
1241
834
346
-1
137
205
1007
-1
246
-1
1045
341
269
295
315
20
310
306
980
1589
-1
-1
97
237
351
1080
1116
305
225
224
299
147
217
1129
-1
257
256
29
277
-1
1992
266
285
25
1383
1360
94
332
-1
221
-1
-1
124
102
183
3747
1361
784
845
425
654
291
865
322
2175
32
1012
1275
7
-1
31
607
311
249
326
300
916
335
233
0
105
154
691
83
554
325
411
0
768
618
-1
381
822
83
1600
-1
171
720
186
493
-1
84
250
950
264
1048
1173
266
98
929
267
532
250
228
211
306
1140
917
-1
12
295
300
0
49
-1
935
324
2022
-1
18
139
311
-1
662
736
-1
1093
768
564
82
196
310
728
259
1424
450
0
1125
0
51
-1
241
321
467
2560
1080
90
4093
343
209
287
575
218
1077
717
279
752
303
-1
196
711
916
296
760
0
237
129
5
456
529
237
-1
208
215
241
248
248
350
315
1037
753
293
-1
1074
265
21
-1
246
1700
242
165
37
211
170
1339
256
0
244
1315
1000
219
457
-1
255
1117
128
1404
1014
916
249
83
682
73
1
1
380
-1
480
-1
2356
243
325
377
221
10
-1
-1
-1
64
-1
689
1107
3042
276
16
182
68
251
573
360
582
235
1242
50
932
287
49
232
283
-1
487
935
-1
820
299
158
304
179
-1
325
1428
77
269
820
6
310
97
320
-1
-1
-1
-1
-1
336
-1
-1
6
2454
673
1083
47
451
240
311
550
785
969
239
218
413
0
1225
301
1775
94
234
-1
2102
25
-1
669
98
1417
205
605
193
2701
267
-1
340
2227
6
1079
546
729
270
254
68
-1
-1
1083
-1
26
-1
215
