899
343
687
252
227
480
1248
206
39
245
25
2882
158
226
287
3060
764
429
89
943
309
269
185
575
505
1716
218
230
272
55
273
831
83
720
249
669
1295
1147
996
346
1549
326
2033
122
1909
270
693
626
312
392
242
91
227
38
669
312
52
8
585
100
211
850
622
4
648
1340
271
250
273
33
12
537
242
768
344
270
336
1360
293
940
995
25
2013
93
311
1
592
293
10
70
277
310
0
103
1095
238
246
227
125
250
19
83
325
158
293
1184
227
315
529
1043
31
63
660
913
244
352
151
768
263
290
1034
17
234
2024
226
1022
1598
817
4900
255
1615
291
274
166
15
193
235
302
850
817
1588
3710
815
813
1665
330
343
1595
286
874
238
335
1401
286
123
69
422
1623
205
187
1241
834
346
3022
137
205
1007
4132
246
2103
1045
341
269
295
315
20
310
306
980
1589
218
1432
97
237
351
1080
1116
305
225
224
299
147
217
1129
665
257
256
29
277
282
1992
266
285
25
1383
1360
94
332
383
221
262
110
124
102
183
3747
1361
784
845
425
654
291
865
322
2175
32
1012
1275
7
824
31
607
311
249
326
300
916
335
233
0
105
154
691
83
554
325
411
0
768
618
1346
381
822
83
1600
10
171
720
186
493
684
84
250
950
264
1048
1173
266
98
929
267
532
250
228
211
306
1140
917
1857
12
295
300
0
49
272
935
324
2022
898
18
139
311
111
662
736
1798
1093
768
564
82
196
310
728
259
1424
450
0
1125
0
51
330
241
321
467
2560
1080
90
4093
343
209
287
575
218
1077
717
279
752
303
347
196
711
916
296
760
0
237
129
5
456
529
237
1839
208
215
241
248
248
350
315
1037
753
293
1250
1074
265
21
98
246
1700
242
165
37
211
170
1339
256
0
244
1315
1000
219
457
172
255
1117
128
1404
1014
916
249
83
682
73
1
1
380
293
480
490
2356
243
325
377
221
10
1794
219
332
64
58
689
1107
3042
276
16
182
68
251
573
360
582
235
1242
50
932
287
49
232
283
351
487
935
301
820
299
158
304
179
218
325
1428
77
269
820
6
310
97
320
1070
165
438
1899
3107
336
3502
49
6
2454
673
1083
47
451
240
311
550
785
969
239
218
413
0
1225
301
1775
94
234
1251
2102
25
313
669
98
1417
205
605
193
2701
267
566
340
2227
6
1079
546
729
270
254
68
2545
305
1083
293
26
3120
215
